33
3 0
2 9 2 0
6 2 1 2
4 2 1 0
2 4 2 3
1 9 3 1
2 10 2 1
5 9 5 1
3 8 1 2
0 7 2 0
6 10 6 2
6 2 3 0
5 1 4 1
2 8 4 0
5 6 1 0
6 7 4 0
1 8 3 3
3 4 3 0
0 3 3 0
0 3 3 1
4 5 3 2
3 6 3 1
2 1 7 1
6 5 4 0
3 4 6 2
2 6 5 1
0 3 9 0
1 1 4 1
6 9 6 3
1 9 5 0
4 2 11 2
5 4 3 1
1 3 13 3
4 5 3 1
4 10 14 2
2 7 5 0
3 9 10 1
0 3 3 1
4 5 11 3
5 5 6 3
2 1 16 1
6 8 6 1
6 9 14 2
3 7 7 0
1 7 9 0
1 2 5 1
1 3 15 3
4 7 11 0
0 10 15 3
3 2 7 0
5 6 9 3
6 10 6 0
3 6 10 3
1 7 11 0
5 2 18 0
0 4 6 0
0 9 18 1
0 2 5 2
3 7 14 1
4 3 9 1
0 8 14 3
2 1 8 1
1 4 14 3
5 2 11 1
6 6 13 2

